 210.940  284.737  276.727
 211.528  285.078  275.530
 212.604  284.602  275.130
 211.505  283.795  277.647
 212.338  284.465  278.755
 213.776  284.643  278.348
 214.594  283.093  278.589
 216.181  283.401  277.921
 210.445  282.942  278.340
 209.838  283.291  279.352
 210.225  281.774  277.745
 209.290  280.780  278.258
 210.055  279.731  279.053
 211.263  279.584  278.885
 208.524  280.144  277.101
 207.364  279.304  277.554
 206.891  279.424  278.684
 206.890  278.441  276.666
 209.355  279.005  279.925
 210.025  278.005  280.751
 210.555  276.849  279.913
 211.589  276.262  280.253
 209.084  277.504  281.851
 209.772  276.572  282.686
 207.873  276.829  281.300
 209.877  276.525  278.812
 210.394  275.534  277.876
 211.758  275.948  277.349
 212.728  275.182  277.427
 209.405  275.354  276.723
 209.913  274.487  275.614
 209.801  273.122  275.692
 210.486  275.036  274.487
 210.263  272.315  274.685
 210.949  274.231  273.478
 210.835  272.864  273.582
 211.842  277.162  276.800
 213.085  277.658  276.219
 214.174  277.719  277.277
 215.323  277.320  277.035
 212.858  279.035  275.568
 211.824  278.963  274.438
 214.155  279.559  275.025
 211.188  280.293  274.097
 213.830  278.227  278.464
 214.796  278.338  279.553
 215.370  276.971  279.886
 216.585  276.812  280.016
 214.151  278.992  280.789
 213.796  280.447  280.508
 215.100  278.965  281.970
 212.743  281.017  281.412
 214.510  275.963  280.019
 214.987  274.628  280.368
 215.876  274.056  279.271
 216.964  273.531  279.547
 213.794  273.715  280.629
 214.110  272.487  281.423
 213.902  272.452  282.784
 214.569  271.352  280.801
 214.166  271.315  283.504
 214.824  270.216  281.511
 214.628  270.196  282.866
 215.434  274.149  278.012
 216.167  273.455  276.960
 217.485  274.137  276.640
 218.382  273.481  276.098
 215.331  273.269  275.675
 214.934  274.595  275.020
 214.105  272.435  275.980
 214.505  274.443  273.577
 217.633  275.433  276.936
 218.964  276.028  276.829
 219.770  275.755  278.092
 220.948  275.404  278.013
 218.894  277.535  276.503
 218.330  278.356  277.669
 218.136  277.746  275.201
 218.024  279.815  277.323
 219.137  275.833  279.265
 219.862  275.749  280.526
 220.519  274.394  280.704
 221.625  274.306  281.246
 218.905  276.029  281.685
 219.414  276.043  283.128
 218.577  277.004  283.938
 219.383  274.667  283.776
 219.850  273.325  280.273
 220.419  271.987  280.441
 221.774  271.862  279.747
 222.739  271.435  280.402
 219.403  270.923  279.988
 218.204  270.871  280.943
 220.047  269.563  279.863
 218.461  270.280  282.302
 221.934  272.231  278.467
 223.268  272.146  277.856
 224.316  273.087  278.439
 225.421  272.630  278.748
 223.008  272.460  276.375
 221.597  272.853  276.262
 220.879  272.358  277.451
 224.015  274.377  278.612
 225.041  275.332  279.037
 225.289  275.270  280.544
 226.027  276.103  281.084
 224.701  276.775  278.591
 223.396  277.290  279.215
 224.660  276.847  277.060
 223.116  278.770  279.004
 224.671  274.309  281.233
 224.975  274.024  282.629
 225.476  272.602  282.836
 226.141  272.342  283.853
 223.745  274.299  283.527
 223.949  273.867  284.993
 223.404  275.776  283.486
 225.223  271.680  281.902
 225.572  270.278  282.088
 227.031  270.012  282.409
 227.343  268.965  282.985
 227.929  270.935  282.063
 229.353  270.782  282.364
 229.721  271.222  283.783
 230.913  271.343  284.089
 230.215  271.535  281.331
 229.799  272.967  281.068
 229.313  273.329  279.823
 229.911  273.944  282.045
 228.937  274.627  279.562
 229.534  275.242  281.794
 229.047  275.589  280.549
 228.735  271.431  284.658
 229.016  271.876  286.019
 229.833  270.840  286.779
 230.940  271.124  287.251
 227.708  272.160  286.751
 229.292  269.628  286.921
 230.029  268.584  287.622
 231.275  268.167  286.853
 232.248  267.723  287.464
 229.136  267.373  287.882
 227.768  267.621  288.508
 227.106  266.298  288.794
 227.879  268.445  289.771
 231.271  268.312  285.524
 232.490  268.104  284.746
 233.612  269.012  285.239
 234.726  268.552  285.511
 232.199  268.341  283.258
 233.353  268.469  282.249
 234.055  267.133  282.051
 232.831  269.020  280.927
 233.330  270.310  285.370
 234.352  271.238  285.843
 234.696  270.990  287.306
 235.863  271.099  287.700
 233.888  272.675  285.641
 233.693  270.661  288.126
 233.942  270.364  289.537
 234.894  269.185  289.663
 235.785  269.167  290.520
 232.612  270.090  290.265
 232.853  269.516  291.640
 231.773  271.360  290.371
 234.718  268.186  288.805
 235.558  267.003  288.829
 236.944  267.295  288.266
 237.944  266.769  288.766
 234.848  265.902  288.042
 235.565  264.565  288.060
 235.442  263.799  287.107
 236.295  264.259  289.128
 237.027  268.144  287.239
 238.327  268.468  286.659
 239.165  269.280  287.643
 240.389  269.116  287.710
 238.150  269.194  285.309
 237.724  268.193  284.231
 239.446  269.885  284.878
 237.059  268.800  283.017
 238.528  270.155  288.430
 239.287  270.996  289.351
 239.582  270.294  290.670
 240.635  270.539  291.268
 238.550  272.316  289.616
 237.178  272.326  290.293
 237.309  272.522  291.786
 236.303  273.429  289.727
 238.681  269.430  291.143
 238.861  268.818  292.455
 239.774  267.602  292.400
 240.561  267.372  293.324
 237.509  268.411  293.042
 236.594  269.496  293.604
 235.291  268.884  294.057
 237.254  270.241  294.747
 239.683  266.814  291.338
 240.268  265.485  291.322
 241.734  265.482  290.911
 242.192  266.320  290.132
 239.493  264.579  290.377
 242.456  264.487  291.433
 243.840  264.249  291.056
 243.938  263.996  289.550
 242.969  263.589  288.898
 244.380  263.055  291.867
 245.783  262.657  291.442
 244.366  263.362  293.368
 245.116  264.274  288.985
 245.439  263.820  287.633
 246.963  263.760  287.523
 247.612  264.796  287.350
 244.835  264.735  286.580
 245.045  264.257  285.162
 244.459  263.085  284.705
 245.831  264.976  284.280
 244.653  262.650  283.413
 246.029  264.548  282.988
 245.440  263.385  282.559
 245.639  262.957  281.267
 247.515  262.551  287.626
 248.956  262.318  287.502
 249.162  260.981  286.799
 249.504  259.973  287.429
 249.647  262.349  288.869
 248.990  261.517  289.973
 249.723  261.665  291.306
 251.112  261.040  291.269
 251.713  260.923  292.622
 248.961  260.933  285.481
 248.921  259.641  284.786
 250.252  258.896  284.790
 251.335  259.472  284.916
 248.512  260.016  283.354
 248.754  261.468  283.233
 248.575  262.041  284.589
 250.134  257.576  284.656
 251.223  256.655  284.360
 251.144  256.250  282.895
 250.172  256.540  282.205
 251.118  255.381  285.207
 251.490  255.431  286.661
 252.303  256.421  287.184
 251.028  254.444  287.511
 252.634  256.428  288.521
 251.347  254.440  288.833
 252.152  255.433  289.344
 252.473  255.426  290.681
 252.156  255.518  282.432
 252.037  254.845  281.144
 250.955  253.771  281.199
 250.039  253.745  280.370
 253.383  254.241  280.749
 253.373  253.618  279.361
 252.348  253.574  278.680
 254.530  253.140  278.932
 251.044  252.879  282.187
 250.136  251.742  282.294
 248.797  252.121  282.905
 247.851  251.332  282.809
 250.760  250.609  283.124
 252.234  250.340  282.870
 253.130  251.184  283.729
 254.310  250.831  283.915
 252.659  252.241  284.201
 248.690  253.299  283.521
 247.381  253.850  283.843
 246.737  254.472  282.615
 245.505  254.548  282.539
 247.495  254.881  284.966
 246.188  255.226  285.658
 246.285  256.504  286.484
 246.745  256.218  287.898
 247.284  257.413  288.585
 247.543  254.924  281.653
 247.029  255.234  280.328
 246.834  253.986  279.474
 246.290  254.091  278.370
 247.960  256.208  279.602
 248.220  257.580  280.235
 249.572  258.128  279.778
 247.128  258.577  279.915
 247.262  252.819  279.950
 247.039  251.566  279.263
 245.570  251.182  279.254
 244.685  251.950  279.636
 245.314  249.945  278.808
 243.948  249.527  278.499
 243.524  248.130  278.945
 242.322  247.860  278.861
 243.710  249.643  276.986
 244.400  247.231  279.403
 243.887  245.896  279.711
 244.864  245.044  280.518
 246.020  245.409  280.748
 243.510  245.157  278.425
 244.347  243.876  280.928
 245.105  242.866  281.670
 246.245  242.318  280.829
 247.405  242.294  281.256
 244.180  241.705  282.051
 243.050  241.999  283.023
 241.827  242.634  282.378
 241.811  242.815  281.141
 240.874  242.961  283.115
 245.902  241.817  279.650
 246.826  241.412  278.608
 246.290  242.052  277.340
 245.413  242.919  277.418
 246.902  239.888  278.480
 247.452  239.010  279.955
 246.805  241.654  276.183
 246.213  242.043  274.919
 247.145  242.838  274.039
 247.913  243.678  274.519
 247.069  242.586  272.739
 247.956  243.223  271.778
 247.419  242.951  270.383
 246.536  242.111  270.184
 249.392  242.715  271.909
 247.962  243.686  269.419
 247.638  243.474  268.017
 248.656  244.195  267.145
 248.863  245.404  267.291
 246.223  243.966  267.706
 249.296  243.462  266.238
 250.251  244.066  265.326
 249.507  244.891  264.276
 248.283  245.049  264.319
 251.111  242.986  264.675
 250.256  245.422  263.309
 249.678  246.250  262.249
 249.008  245.373  261.186
 249.376  245.364  260.012
 250.752  247.139  261.637
 247.990  244.632  261.625
 247.327  243.648  260.780
 246.205  244.264  259.952
 246.176  244.109  258.727
 246.776  242.508  261.643
 245.280  244.963  260.600
 244.116  245.512  259.918
 243.453  246.513  260.850
 243.832  246.648  262.017
 243.132  244.409  259.511
 242.528  243.662  260.689
 241.819  242.389  260.283
 242.275  241.661  259.404
 240.685  242.118  260.922
 242.452  247.214  260.316
 241.647  248.155  261.081
 240.214  247.686  261.291
 239.439  248.402  261.934
 241.614  249.523  260.393
 241.006  249.397  259.111
 242.999  250.104  260.210
 239.830  246.520  260.766
 238.457  246.057  260.890
 238.413  244.547  261.026
 239.313  243.831  260.585
 237.604  246.467  259.688
 237.417  247.955  259.497
 236.576  248.595  260.587
 236.955  249.979  260.833
 236.533  250.707  261.861
 236.943  251.956  261.986
 235.708  250.202  262.769
 237.328  244.080  261.634
 237.035  242.669  261.807
 235.914  242.262  260.867
 235.039  243.064  260.533
 236.622  242.368  263.244
 237.448  243.033  264.331
 236.857  242.706  265.667
 238.891  242.582  264.229
 235.945  241.005  260.448
 234.888  240.477  259.604
 233.619  240.276  260.421
 233.658  239.714  261.518
 235.329  239.165  258.973
 232.494  240.725  259.872
 231.219  240.755  260.568
 230.167  240.014  259.760
 230.251  239.924  258.537
 230.761  242.194  260.819
 230.718  243.042  259.589
 231.831  243.744  259.181
 229.560  243.153  258.849
 231.792  244.528  258.058
 229.520  243.938  257.727
 230.640  244.626  257.333
 229.169  239.485  260.457
 228.075  238.809  259.786
 227.152  239.823  259.121
 227.085  240.994  259.502
 227.300  237.945  260.776
 228.183  236.964  261.505
 228.528  237.164  262.668
 228.557  235.895  260.825
 226.436  239.352  258.102
 225.580  240.233  257.316
 224.425  240.794  258.127
 224.000  241.928  257.886
 225.038  239.485  256.109
 223.890  240.015  259.068
 222.748  240.470  259.847
 223.070  241.716  260.657
 222.188  242.557  260.873
 222.280  239.351  260.762
 224.324  241.860  261.090
 224.723  243.007  261.900
 224.463  244.316  261.173
 224.031  245.297  261.787
 226.204  242.909  262.260
 226.501  242.044  263.449
 225.773  240.901  263.712
 227.541  242.370  264.293
 226.066  240.116  264.799
 227.838  241.588  265.381
 227.101  240.459  265.634
 224.715  244.347  259.867
 224.485  245.548  259.076
 223.081  245.548  258.476
 222.517  246.618  258.220
 225.577  245.695  257.991
 225.459  247.018  257.227
 225.548  244.562  256.985
 225.703  248.255  258.041
 222.491  244.371  258.267
 221.161  244.322  257.681
 220.103  244.821  258.645
 219.115  245.415  258.209
 220.817  242.907  257.228
 221.186  242.519  255.800
 220.917  241.051  255.572
 220.432  243.346  254.787
 220.280  244.601  259.948
 219.309  245.126  260.904
 219.272  246.647  260.827
 218.197  247.260  260.825
 219.610  244.615  262.328
 220.934  245.106  262.840
 218.522  245.018  263.278
 220.438  247.276  260.692
 220.487  248.725  260.582
 219.944  249.204  259.243
 219.250  250.224  259.181
 221.916  249.208  260.774
 220.251  248.490  258.159
 219.777  248.933  256.854
 218.268  248.788  256.753
 217.613  249.574  256.062
 220.504  248.170  255.731
 221.906  248.738  255.558
 219.747  248.263  254.415
 222.843  247.867  254.793
 217.693  247.795  257.425
 216.254  247.586  257.411
 215.523  248.397  258.463
 214.297  248.519  258.385
 215.931  246.109  257.619
 216.425  245.117  256.575
 216.070  243.730  257.023
 215.852  245.410  255.228
 216.234  248.941  259.448
 215.604  249.878  260.365
 215.077  251.098  259.626
 214.017  251.628  259.972
 216.596  250.286  261.446
 216.151  251.449  262.259
 215.130  251.314  263.165
 216.748  252.678  262.116
 214.713  252.379  263.910
 216.332  253.742  262.858
 215.314  253.593  263.757
 215.798  251.552  258.599
 215.385  252.747  257.865
 214.017  252.588  257.216
 213.128  253.414  257.482
 216.455  253.111  256.833
 217.640  253.985  257.228
 217.192  255.414  257.387
 218.338  253.466  258.477
 213.774  251.583  256.369
 212.453  251.491  255.735
 211.311  251.242  256.700
 210.263  251.875  256.556
 212.625  250.337  254.743
 213.845  249.665  255.111
 214.720  250.655  255.742
 211.466  250.356  257.683
 210.370  250.114  258.616
 210.105  251.336  259.489
 208.949  251.644  259.810
 210.673  248.889  259.470
 210.452  247.589  258.761
 209.176  247.125  258.519
 211.518  246.829  258.335
 208.976  245.933  257.867
 211.315  245.639  257.682
 210.048  245.193  257.450
 211.158  252.062  259.860
 210.975  253.303  260.601
 210.243  254.336  259.761
 209.369  255.048  260.264
 212.324  253.851  261.057
 212.192  255.015  262.015
 212.589  256.137  261.643
 211.702  254.809  263.144
 210.584  254.431  258.477
 209.871  255.348  257.600
 208.422  254.934  257.411
 207.550  255.795  257.293
 210.573  255.434  256.250
 211.927  256.143  256.228
 212.561  256.038  254.876
 211.788  257.585  256.623
 208.144  253.633  257.387
 206.764  253.165  257.324
 205.983  253.635  258.538
 204.902  254.237  258.424
 206.743  251.641  257.252
 207.250  251.055  255.966
 207.567  249.577  256.088
 208.305  249.049  255.231
 207.075  248.940  257.041
 206.534  253.378  259.720
 205.808  253.689  260.936
 205.698  255.201  261.116
 204.733  255.687  261.712
 206.469  252.978  262.132
 206.355  251.459  261.975
 205.785  253.343  263.411
 207.376  250.673  262.733
 206.649  255.971  260.586
 206.545  257.424  260.648
 205.602  257.985  259.594
 205.010  259.048  259.803
 207.926  258.055  260.495
 208.867  257.413  261.334
 205.460  257.305  258.460
 204.475  257.686  257.462
 203.058  257.376  257.918
 202.105  257.944  257.378
 204.788  256.970  256.151
 206.085  257.362  255.695
 203.774  257.301  255.090
 202.896  256.483  258.894
 201.571  256.289  259.477
 201.117  257.439  260.376
 199.965  257.422  260.816
 201.519  254.994  260.285
 201.562  253.674  259.529
 201.880  252.551  260.476
 200.256  253.415  258.855
 201.964  258.428  260.661
 201.591  259.524  261.554
 200.571  260.465  260.917
 199.612  260.883  261.590
 202.823  260.318  261.987
 203.709  259.731  263.076
 205.032  260.454  263.077
 203.041  259.829  264.428
 200.754  260.859  259.650
 199.694  261.611  258.969
 198.336  260.944  259.026
 197.324  261.633  259.184
 200.221  261.700  257.538
 201.634  261.660  257.655
 202.006  260.922  258.878
 198.282  259.618  258.932
 196.998  258.939  259.000
 196.355  259.104  260.367
 195.158  259.382  260.467
 197.153  257.460  258.678
 195.898  256.686  258.976
 194.722  256.972  258.316
 195.881  255.691  259.933
 193.578  256.286  258.586
 194.737  255.004  260.207
 193.588  255.306  259.529
 192.433  254.621  259.792
 197.116  258.888  261.438
 196.503  258.942  262.754
 196.173  260.367  263.152
 195.359  260.572  264.057
 197.385  258.269  263.821
 197.667  256.853  263.445
 198.673  259.003  264.028
 196.785  261.358  262.508
 196.372  262.741  262.695
 195.324  263.208  261.692
 194.833  264.331  261.825
 197.590  263.653  262.631
 198.612  263.395  263.719
 198.018  263.598  265.398
 197.581  265.316  265.350
 194.977  262.386  260.702
 193.936  262.699  259.729
 192.772  261.720  259.756
 191.909  261.780  258.876
 194.541  262.714  258.334
 194.668  261.396  257.835
 192.733  260.833  260.747
 191.885  259.645  260.703
 190.412  259.998  260.552
 189.673  259.312  259.838
 192.149  258.777  261.949
 191.432  257.443  261.829
 191.745  259.486  263.224
 191.984  256.390  262.713
 189.956  261.063  261.202
 188.547  261.422  261.088
 188.228  262.007  259.721
 187.221  261.646  259.106
 188.145  262.399  262.186
 186.711  262.836  262.060
 185.684  262.018  262.476
 186.386  264.058  261.509
 184.390  262.397  262.352
 185.085  264.445  261.381
 184.091  263.611  261.805
 182.785  263.986  261.679
 189.058  262.933  259.239
 188.757  263.606  257.980
 188.776  262.633  256.812
 187.941  262.728  255.907
 189.743  264.746  257.743
 189.889  265.782  258.850
 190.933  266.803  258.463
 188.577  266.463  259.126
 189.722  261.701  256.809
 189.749  260.627  255.803
 188.973  259.460  256.406
 189.518  258.507  256.967
 191.182  260.277  255.377
 191.870  261.512  254.860
 192.014  259.713  256.501
 187.655  259.532  256.275
 186.744  258.576  256.891
 186.339  257.535  255.862
 185.583  257.832  254.935
 185.511  259.278  257.443
 184.534  259.437  256.434
 186.846  256.323  256.028
 186.493  255.108  255.307
 187.106  255.053  253.913
 186.988  254.021  253.255
 184.973  254.901  255.180
 184.261  255.005  256.489
 184.861  254.881  257.551
 182.967  255.232  256.427
 187.757  256.114  253.438
 188.538  256.089  252.212
 190.021  255.949  252.529
 190.672  254.985  252.111
 188.268  257.359  251.405
 188.900  257.360  250.044
 188.272  256.770  248.969
 190.129  257.942  249.837
 188.845  256.764  247.738
 190.709  257.939  248.606
 190.063  257.351  247.558
 190.645  257.347  246.318
 190.555  256.882  253.312
 191.928  256.771  253.756
 192.172  255.548  254.608
 193.291  255.044  254.665
 191.136  255.062  255.283
 191.231  253.809  256.019
 191.591  252.656  255.089
 192.572  251.938  255.315
 189.906  253.572  256.740
 189.651  252.159  257.126
 190.346  251.567  258.149
 188.674  251.434  256.490
 190.088  250.277  258.503
 188.422  250.145  256.849
 189.128  249.569  257.852
 190.822  252.484  254.016
 191.133  251.470  253.017
 192.505  251.697  252.394
 193.252  250.741  252.146
 190.047  251.480  251.951
 188.768  251.450  252.583
 190.171  250.303  251.033
 192.857  252.957  252.143
 194.141  253.248  251.516
 195.293  252.843  252.425
 196.265  252.223  251.976
 194.217  254.734  251.130
 193.205  255.079  250.033
 195.615  255.118  250.720
 193.352  254.368  248.745
 195.210  253.171  253.714
 196.303  252.830  254.613
 196.323  251.334  254.884
 197.380  250.768  255.175
 196.232  253.655  255.914
 195.079  253.250  256.790
 197.512  253.539  256.682
 195.179  250.661  254.779
 195.201  249.208  254.889
 195.937  248.582  253.714
 196.724  247.647  253.896
 193.787  248.659  254.988
 193.295  248.379  256.401
 193.081  249.642  257.171
 192.017  247.613  256.336
 195.689  249.075  252.501
 196.452  248.609  251.347
 197.938  248.899  251.510
 198.788  248.070  251.157
 195.926  249.268  250.083
 194.493  248.913  249.712
 193.964  249.904  248.725
 194.411  247.507  249.184
 198.262  250.081  252.027
 199.640  250.444  252.342
 200.279  249.418  253.269
 201.366  248.891  252.994
 199.626  251.837  252.971
 200.969  252.442  253.192
 201.719  252.888  252.136
 201.454  252.625  254.465
 202.941  253.462  252.341
 202.670  253.200  254.671
 203.413  253.623  253.607
 199.589  249.097  254.361
 200.128  248.175  255.347
 200.259  246.771  254.782
 201.204  246.055  255.114
 199.246  248.165  256.587
 199.251  249.443  257.420
 198.108  249.431  258.400
 200.555  249.622  258.131
 199.324  246.353  253.933
 199.424  245.028  253.330
 200.613  244.936  252.383
 201.372  243.956  252.415
 198.127  244.691  252.604
 196.908  244.513  253.508
 195.631  244.605  252.711
 196.964  243.210  254.252
 200.798  245.951  251.540
 201.933  245.954  250.625
 203.240  245.945  251.402
 204.214  245.302  250.995
 201.841  247.154  249.666
 200.751  246.898  248.631
 203.159  247.398  248.975
 200.264  248.122  247.917
 203.285  246.651  252.528
 204.493  246.668  253.343
 204.634  245.439  254.229
 205.721  245.197  254.761
 204.510  247.925  254.196
 204.749  249.169  253.354
 204.265  250.354  254.127
 206.211  249.284  252.929
 203.561  244.677  254.410
 203.642  243.396  255.092
 204.173  242.332  254.148
 204.755  241.341  254.593
 202.262  243.025  255.660
 202.005  243.799  256.945
 202.141  241.555  255.950
 200.556  244.004  257.266
 203.966  242.500  252.845
 204.541  241.559  251.887
 206.066  241.556  251.982
 206.708  240.496  251.946
 204.052  241.885  250.464
 202.554  241.595  250.318
 204.845  241.133  249.433
 202.133  240.141  250.384
 206.672  242.732  252.125
 208.117  242.792  252.263
 208.599  242.192  253.565
 209.654  241.559  253.620
 207.835  242.392  254.632
 208.147  241.772  255.910
 208.061  240.252  255.819
 208.873  239.534  256.416
 207.188  242.332  256.953
 207.473  241.900  258.335
 208.649  242.251  258.963
 206.547  241.161  259.020
 208.897  241.856  260.236
 206.785  240.767  260.291
 207.968  241.111  260.907
 207.082  239.749  255.070
 206.977  238.318  254.805
 208.219  237.824  254.082
 208.764  236.760  254.398
 205.702  238.027  253.994
 205.732  236.646  253.387
 204.476  238.194  254.852
 208.657  238.571  253.069
 209.890  238.233  252.365
 211.071  238.175  253.324
 211.868  237.229  253.295
 210.151  239.250  251.258
 211.282  238.860  250.351
 211.087  237.961  249.325
 212.546  239.379  250.531
 212.115  237.591  248.508
 213.579  239.012  249.717
 213.356  238.119  248.707
 214.381  237.743  247.889
 211.193  239.188  254.183
 212.272  239.236  255.164
 212.263  238.013  256.069
 213.317  237.440  256.361
 212.150  240.508  255.999
 213.301  240.760  256.928
 213.040  240.294  258.344
 212.011  240.691  258.931
 213.871  239.530  258.876
 211.083  237.601  256.527
 211.006  236.448  257.415
 211.360  235.173  256.666
 212.113  234.332  257.169
 209.614  236.370  258.062
 209.524  237.375  259.199
 209.336  235.000  258.614
 208.140  237.841  259.501
 210.831  235.005  255.457
 211.021  233.747  254.749
 212.448  233.578  254.255
 212.911  232.444  254.102
 210.050  233.647  253.580
 208.695  233.116  253.984
 208.517  232.554  255.060
 207.729  233.285  253.111
 213.160  234.673  254.002
 214.563  234.554  253.633
 215.470  234.292  254.827
 216.590  233.815  254.634
 215.040  235.813  252.915
 214.740  236.968  253.705
 214.379  235.944  251.565
 215.017  234.581  256.046
 215.838  234.477  257.251
 217.086  235.346  257.122
 218.222  234.874  257.167
 216.207  233.023  257.553
 215.028  232.212  258.009
 214.201  232.680  258.791
 214.940  230.985  257.524
 216.844  236.642  256.966
 217.901  237.599  256.697
 218.584  238.101  257.956
 219.742  238.525  257.886
 217.337  238.783  255.920
 217.899  238.060  259.096
 218.461  238.458  260.376
 218.994  237.279  261.179
 219.380  237.459  262.337
 217.411  239.211  261.191
 216.750  240.400  260.498
 215.706  241.014  261.393
 217.772  241.431  260.110
 219.033  236.085  260.595
 219.577  234.921  261.273
 221.093  234.894  261.153
 221.654  235.265  260.119
 218.994  233.643  260.678
 219.226  232.400  261.508
 218.593  231.186  260.856
 219.243  229.892  261.317
 218.705  228.708  260.590
 221.751  234.449  262.218
 223.195  234.252  262.237
 223.461  232.783  261.953
 222.945  231.904  262.654
 223.814  234.668  263.580
 223.498  236.126  263.931
 225.312  234.450  263.543
 224.336  237.142  263.218
 224.273  232.518  260.936
 224.584  231.165  260.509
 225.902  230.712  261.119
 226.778  231.524  261.427
 224.650  231.082  258.984
 223.346  231.478  258.324
 223.316  232.366  257.474
 222.257  230.822  258.715
 226.032  229.400  261.286
 227.161  228.786  261.968
 227.977  227.974  260.973
 227.424  227.169  260.217
 226.674  227.910  263.122
 225.955  228.703  264.199
 225.485  227.843  265.349
 224.931  228.692  266.479
 224.265  227.884  267.523
 229.290  228.198  260.973
 230.176  227.527  260.029
 230.491  226.102  260.466
 230.226  225.144  259.733
 231.469  228.330  259.869
 231.385  229.398  258.827
 232.351  229.572  257.861
 230.445  230.344  258.597
 232.010  230.580  257.079
 230.858  231.068  257.505
 231.066  225.943  261.657
 231.493  224.631  262.137
 230.253  223.838  262.532
 229.872  223.741  263.701
 232.469  224.766  263.298
 233.877  225.061  262.838
 234.650  224.152  262.541
 234.220  226.339  262.772
 229.612  223.263  261.516
 228.424  222.463  261.723
 228.763  221.226  262.555
 229.920  220.799  262.597
 227.842  222.032  260.378
 227.409  223.176  259.462
 226.014  223.703  259.786
 224.886  222.733  259.424
 224.947  222.232  258.022
 227.777  220.631  263.231
 227.986  219.291  263.788
 227.740  218.228  262.732
 226.777  218.297  261.964
 226.956  219.210  264.919
 225.868  220.102  264.494
 226.482  221.194  263.656
 228.630  217.240  262.692
 228.550  216.209  261.667
 227.345  215.311  261.912
 227.161  214.784  263.013
 229.831  215.380  261.642
 230.087  214.750  260.289
 229.358  213.855  259.862
 231.122  215.219  259.603
 226.531  215.139  260.871
 225.301  214.359  260.934
 225.306  213.177  259.974
 224.264  212.535  259.800
 224.092  215.257  260.648
 222.886  214.489  260.743
 224.180  215.909  259.256
 226.441  212.870  259.352
 226.513  211.830  258.338
 226.921  210.509  258.969
 227.757  210.471  259.876
 227.501  212.223  257.242
 227.017  213.403  256.423
 225.837  213.400  256.013
 227.813  214.337  256.194
 226.328  209.426  258.480
 226.533  208.120  259.077
 227.968  207.643  258.895
 228.730  208.155  258.071
 225.579  207.103  258.470
 224.251  207.579  258.475
 228.323  206.640  259.691
 229.626  205.987  259.640
 229.456  204.683  258.876
 228.858  203.732  259.386
 230.163  205.737  261.047
 231.470  204.958  261.207
 232.627  205.691  260.593
 231.750  204.695  262.665
 229.992  204.643  257.660
 229.828  203.523  256.745
 231.205  202.941  256.477
 232.140  203.676  256.140
 229.134  203.958  255.442
 227.679  204.330  255.714
 229.155  202.855  254.422
 227.153  205.424  254.829
 231.328  201.628  256.641
 232.599  200.923  256.543
 232.621  200.079  255.278
 231.815  199.154  255.134
 232.815  200.039  257.767
 234.199  199.460  257.857
 235.279  200.251  258.207
 234.427  198.124  257.586
 236.547  199.725  258.286
 235.684  197.590  257.660
 236.745  198.394  258.013
 238.014  197.873  258.095
 233.546  200.388  254.373
 233.742  199.556  253.195
 234.324  198.219  253.629
 235.408  198.168  254.220
 234.660  200.248  252.191
 234.874  199.465  250.895
 235.726  200.230  249.896
 237.205  200.197  250.275
 238.057  200.872  249.256
 233.606  197.144  253.340
 233.987  195.827  253.812
 235.101  195.241  252.956
 236.175  194.913  253.460
 232.774  194.900  253.812
 232.777  193.788  254.859
 232.573  194.352  256.242
 231.716  192.746  254.552
 264.212  294.371  299.323
 264.740  293.664  300.490
 264.679  292.149  300.336
 263.634  291.545  300.571
 263.827  294.138  301.622
 262.526  294.531  300.944
 262.770  294.634  299.456
 265.795  291.546  299.939
 265.841  290.102  299.767
 265.849  289.413  301.124
 266.611  289.789  302.020
 267.072  289.700  298.962
 266.813  288.578  297.979
 267.984  288.355  297.047
 267.565  287.747  295.792
 268.338  287.607  294.722
 269.596  288.025  294.726
 267.849  287.038  293.634
 264.997  288.398  301.269
 264.823  287.724  302.548
 266.128  287.052  302.956
 266.771  286.366  302.152
 263.653  286.730  302.459
 263.932  285.596  301.470
 263.282  286.191  303.828
 266.532  287.270  304.212
 267.791  286.761  304.745
 267.620  286.092  306.101
 268.622  285.814  306.769
 268.821  287.889  304.875
 269.159  288.438  303.617
 266.388  285.825  306.523
 266.111  285.367  307.873
 264.916  284.430  307.831
 264.379  284.120  306.764
 265.850  286.549  308.802
 264.657  287.213  308.434
 264.499  283.975  309.008
 263.356  283.076  309.102
 262.868  283.038  310.539
 263.647  282.738  311.448
 263.733  281.677  308.629
 262.584  280.911  308.327
 261.583  283.336  310.739
 260.892  283.085  311.997
 260.188  281.738  311.999
 259.156  281.576  312.662
 259.893  284.204  312.279
 258.852  284.206  311.320
 260.727  280.776  311.262
 260.089  279.484  311.090
 259.992  278.773  312.440
 261.003  278.673  313.148
 260.907  278.672  310.095
 260.370  277.327  309.745
 261.476  276.502  308.595
 260.679  274.917  308.525
 258.818  278.278  312.848
 258.706  277.741  314.205
 259.470  276.449  314.417
 259.696  275.662  313.496
 257.203  277.499  314.369
 256.574  278.366  313.407
 257.481  278.403  312.240
 259.870  276.248  315.667
 260.185  274.936  316.196
 258.923  274.377  316.848
 257.842  274.964  316.754
 261.342  275.012  317.188
 260.981  275.840  318.297
 262.566  275.584  316.528
 259.060  273.215  317.493
 258.019  272.581  318.323
 256.646  272.541  317.650
 255.611  272.533  318.319
 257.923  273.246  319.702
 257.266  274.623  319.672
 256.093  274.728  320.082
 257.928  275.610  319.296
 256.628  272.481  316.330
 255.379  272.462  315.587
 254.820  271.045  315.592
 255.558  270.102  315.293
 255.613  272.932  314.162
 254.364  273.207  313.389
 253.624  274.344  313.621
 253.948  272.338  312.403
 252.487  274.599  312.902
 252.811  272.590  311.681
 252.080  273.720  311.929
 253.547  270.845  315.933
 253.041  269.478  316.049
 253.039  268.749  314.721
 252.919  269.345  313.650
 251.618  269.678  316.572
 251.249  270.997  316.086
 252.478  271.808  316.244
 253.184  267.438  314.813
 253.129  266.565  313.659
 251.676  266.286  313.300
 250.770  266.598  314.072
 253.900  265.286  313.966
 255.409  265.471  314.084
 256.104  264.240  314.629
 255.989  265.847  312.753
 251.419  265.719  312.116
 250.019  265.512  311.705
 249.213  264.651  312.659
 248.117  265.046  313.071
 250.169  264.855  310.331
 251.464  265.300  309.849
 252.344  265.375  311.026
 249.741  263.498  313.055
 248.983  262.568  313.880
 248.822  263.025  315.324
 248.221  262.289  316.112
 249.647  261.195  313.835
 249.376  260.555  312.602
 249.334  264.202  315.693
 249.094  264.790  317.004
 248.769  266.274  316.890
 249.063  267.048  317.806
 250.294  264.577  317.925
 251.556  265.275  317.490
 252.803  264.650  318.083
 252.727  263.850  319.015
 253.959  265.012  317.546
 248.147  266.676  315.784
 247.761  268.058  315.532
 246.266  268.201  315.781
 245.460  267.521  315.139
 248.109  268.467  314.102
 247.676  269.861  313.698
 248.069  270.207  312.282
 248.357  269.329  311.471
 248.082  271.497  311.973
 245.906  269.087  316.703
 244.526  269.396  317.036
 244.119  270.722  316.403
 244.925  271.657  316.366
 244.342  269.484  318.549
 244.687  268.215  319.305
 243.633  267.141  319.109
 243.835  265.969  320.055
 242.585  265.177  320.228
 242.898  270.883  315.889
 242.535  272.158  315.269
 242.131  273.196  316.302
 241.471  272.888  317.297
 241.356  271.779  314.370
 240.719  270.666  315.069
 241.776  269.932  315.832
 242.540  274.440  316.051
 242.249  275.546  316.952
 241.870  276.836  316.239
 241.684  277.853  316.915
 243.455  275.810  317.868
 244.746  276.007  317.099
 244.741  276.223  315.888
 245.864  275.935  317.807
 241.748  276.832  314.914
 241.395  278.009  314.138
 240.229  277.675  313.222
 239.909  276.507  312.991
 242.581  278.512  313.312
 242.228  279.639  312.532
 239.594  278.724  312.698
 238.435  278.530  311.836
 238.809  277.784  310.566
 238.060  276.916  310.104
 237.810  279.877  311.491
 239.963  278.108  309.987
 240.383  277.429  308.768
 240.683  275.968  309.058
 240.425  275.089  308.228
 241.595  278.139  308.143
 242.003  277.439  306.868
 241.280  279.593  307.869
 241.227  275.685  310.240
 241.503  274.306  310.616
 240.219  273.494  310.685
 240.147  272.384  310.152
 242.245  274.269  311.951
 243.569  274.999  311.902
 244.085  275.224  310.787
 244.097  275.346  312.979
 239.179  274.044  311.314
 237.909  273.333  311.395
 237.235  273.225  310.034
 236.592  272.211  309.742
 236.985  274.026  312.389
 237.353  273.800  313.837
 237.120  272.582  314.451
 237.928  274.805  314.589
 237.451  272.374  315.766
 238.264  274.604  315.906
 238.024  273.390  316.490
 238.361  273.193  317.807
 237.375  274.244  309.188
 236.813  274.178  307.843
 237.453  273.055  307.034
 236.759  272.241  306.407
 237.001  275.525  307.147
 236.284  276.537  307.860
 236.505  275.476  305.731
 238.784  273.000  307.034
 239.485  271.930  306.337
 239.190  270.574  306.957
 239.116  269.569  306.242
 240.983  272.196  306.352
 241.464  273.511  305.743
 242.781  273.901  306.339
 241.592  273.424  304.259
 239.017  270.527  308.278
 238.620  269.291  308.937
 237.268  268.810  308.435
 237.080  267.615  308.194
 238.591  269.499  310.449
 239.891  269.873  310.909
 238.176  268.250  311.147
 236.317  269.726  308.253
 235.006  269.330  307.748
 235.086  268.863  306.303
 234.412  267.900  305.917
 234.018  270.481  307.870
 234.591  271.670  307.322
 233.670  270.716  309.298
 235.888  269.541  305.483
 236.041  269.104  304.099
 236.650  267.711  304.031
 236.186  266.851  303.266
 236.900  270.095  303.326
 236.322  271.490  303.131
 237.379  272.409  302.566
 235.125  271.452  302.228
 237.688  267.468  304.831
 238.291  266.144  304.886
 237.302  265.118  305.411
 237.285  263.974  304.951
 239.540  266.179  305.755
 240.681  266.903  305.097
 240.482  267.455  303.998
 241.783  266.920  305.680
 236.463  265.513  306.368
 235.443  264.615  306.888
 234.470  264.200  305.801
 234.123  263.024  305.688
 234.697  265.284  308.032
 234.029  265.154  304.986
 233.090  264.845  303.910
 233.740  263.925  302.884
 233.149  262.924  302.454
 232.579  266.144  303.265
 231.825  265.860  301.999
 231.694  266.887  304.226
 234.968  264.248  302.480
 235.651  263.432  301.482
 235.885  262.016  301.986
 235.662  261.041  301.258
 236.973  264.077  301.096
 236.320  261.881  303.235
 236.572  260.569  303.801
 235.285  259.796  304.029
 235.268  258.574  303.877
 237.343  260.722  305.100
 238.704  261.322  304.895
 239.315  261.160  303.844
 239.201  262.002  305.909
 234.202  260.480  304.396
 232.917  259.814  304.531
 232.458  259.259  303.195
 231.897  258.160  303.128
 231.896  260.793  305.106
 230.475  260.424  304.911
 229.701  259.696  305.753
 229.643  260.780  303.810
 228.442  259.565  305.243
 228.380  260.225  304.047
 229.847  261.510  302.642
 227.330  260.377  303.164
 228.807  261.654  301.770
 227.565  261.094  302.032
 232.699  259.998  302.116
 232.344  259.487  300.800
 233.232  258.317  300.405
 232.758  257.344  299.808
 232.435  260.598  299.767
 234.522  258.396  300.717
 235.425  257.294  300.409
 235.085  256.039  301.201
 235.265  254.925  300.699
 236.862  257.716  300.675
 237.379  258.689  299.672
 238.675  259.310  300.085
 239.151  260.220  299.055
 240.376  260.728  298.994
 241.289  260.436  299.902
 240.688  261.545  298.007
 234.601  256.194  302.431
 234.173  255.046  303.221
 232.870  254.471  302.689
 232.790  253.288  302.344
 233.989  255.450  304.681
 235.227  255.740  305.451
 234.910  256.335  306.796
 234.326  255.678  307.654
 235.271  257.591  306.982
 231.830  255.298  302.625
 230.497  254.836  302.301
 230.302  254.409  300.871
 229.225  253.912  300.538
 231.288  254.629  300.017
 231.330  254.056  298.678
 232.715  253.433  298.555
 233.715  254.133  298.395
 231.056  255.100  297.613
 230.777  254.499  296.368
 232.761  252.111  298.655
 233.981  251.344  298.877
 233.947  250.241  297.838
 233.381  249.180  298.094
 234.004  250.814  300.303
 235.270  250.133  300.704
 236.174  250.778  301.512
 235.529  248.830  300.337
 237.318  250.162  301.909
 236.679  248.211  300.735
 237.572  248.877  301.524
 234.537  250.500  296.678
 234.354  249.667  295.495
 235.630  248.921  295.141
 236.498  249.481  294.456
 233.921  250.537  294.319
 232.566  251.137  294.421
 231.692  251.047  295.456
 231.933  251.939  293.434
 230.549  251.741  295.172
 230.674  252.298  293.930
 232.308  252.383  292.172
 229.794  253.085  293.209
 231.447  253.151  291.469
 230.199  253.500  291.980
 235.797  247.665  295.542
 237.007  246.939  295.170
 236.911  246.358  293.774
 235.837  246.240  293.186
 237.086  245.828  296.219
 236.034  246.135  297.195
 235.006  246.841  296.455
 238.059  245.989  293.263
 238.158  245.341  291.967
 238.116  243.834  292.165
 238.651  243.296  293.140
 239.422  245.796  291.209
 240.690  245.545  291.987
 239.486  245.146  289.869
 237.469  243.156  291.220
 237.224  241.716  291.256
 238.517  240.947  290.991
 238.734  240.426  289.900
 236.205  241.340  290.181
 236.743  241.671  288.897
 234.883  242.059  290.330
 239.367  240.809  292.017
 240.648  240.128  291.814
 240.750  238.863  292.656
 241.751  238.633  293.339
 241.824  241.065  292.092
 243.112  240.616  291.453
 243.319  240.763  290.096
 244.109  240.038  292.205
 244.487  240.345  289.506
 245.279  239.619  291.618
 245.468  239.775  290.265
 239.716  238.032  292.599
 239.724  236.763  293.292
 240.453  235.676  292.540
 240.037  235.272  291.452
 241.536  235.181  293.136
 242.420  234.224  292.500
 242.289  232.811  293.036
 242.649  231.868  292.327
 243.877  234.662  292.670
 244.267  236.071  292.248
 245.568  236.470  292.885
 244.356  236.155  290.754
 241.797  232.638  294.255
 241.826  231.338  294.899
 240.759  231.311  295.990
 239.831  232.125  295.985
 243.237  231.038  295.418
 240.890  230.360  296.914
 239.856  230.009  297.872
 239.509  231.106  298.871
 238.564  230.922  299.642
 240.279  228.726  298.590
 241.697  228.650  299.581
 240.225  232.229  298.888
 239.787  233.379  299.667
 238.648  234.134  298.982
 237.885  234.859  299.643
 240.974  234.306  299.925
 242.258  233.695  301.037
 238.500  233.950  297.672
 237.363  234.503  296.960
 236.047  233.921  297.454
 235.006  234.581  297.362
 237.526  234.246  295.473
 236.067  232.696  297.978
 234.857  232.116  298.550
 234.386  232.945  299.736
 233.192  233.232  299.880
 235.096  230.642  298.920
 233.893  230.060  299.620
 235.392  229.859  297.678
 235.316  233.382  300.575
 234.945  234.225  301.698
 234.537  235.619  301.248
 233.638  236.217  301.846
 236.095  234.289  302.687
 236.369  232.973  303.373
 235.280  232.563  304.332
 234.384  233.387  304.605
 235.313  231.419  304.827
 235.167  236.153  300.201
 234.694  237.419  299.641
 233.231  237.317  299.209
 232.389  238.166  299.549
 235.571  237.827  298.461
 236.795  238.613  298.819
 237.438  239.577  297.450
 237.734  238.297  296.243
 232.908  236.260  298.477
 231.540  236.050  298.029
 230.591  235.865  299.198
 229.439  236.306  299.147
 231.487  234.837  297.134
 231.922  235.095  295.727
 231.624  233.654  294.717
 232.848  232.610  295.443
 231.040  235.194  300.252
 230.187  235.065  301.423
 229.996  236.404  302.116
 228.995  236.606  302.809
 230.764  234.043  302.384
 230.376  232.637  302.071
 229.071  232.203  302.097
 231.121  231.564  301.730
 229.029  230.924  301.782
 230.261  230.510  301.559
 230.947  237.323  301.947
 230.768  238.681  302.436
 229.782  239.440  301.564
 229.240  240.462  301.994
 232.124  239.411  302.520
 231.955  240.848  302.851
 232.988  238.801  303.564
 229.533  238.974  300.344
 228.426  239.503  299.552
 227.113  238.759  299.763
 226.108  239.131  299.153
 228.773  239.485  298.071
 228.894  238.172  297.592
 227.083  237.750  300.621
 225.930  236.879  300.775
 224.960  237.473  301.788
 225.237  238.540  302.343
 226.404  235.490  301.186
 223.804  236.851  302.033
 222.827  237.487  302.925
 223.283  237.718  304.353
 222.942  238.765  304.915
 221.654  236.517  302.859
 221.698  236.034  301.524
 223.130  235.861  301.180
 224.010  236.785  304.970
 224.355  236.934  306.382
 225.187  238.184  306.610
 224.840  239.039  307.429
 225.102  235.704  306.882
 225.322  235.714  308.366
 225.770  234.394  308.888
 224.675  233.445  308.917
 224.790  232.172  309.260
 225.948  231.661  309.635
 223.723  231.408  309.238
 226.293  238.294  305.898
 227.112  239.495  305.848
 226.889  240.128  304.487
 227.330  239.583  303.472
 228.585  239.169  306.059
 228.864  238.163  307.136
 229.054  238.556  308.444
 228.947  236.821  306.842
 229.313  237.641  309.423
 229.204  235.900  307.813
 229.385  236.312  309.104
 229.647  235.390  310.085
 226.204  241.265  304.461
 225.876  241.960  303.222
 226.825  243.137  303.069
 226.708  244.137  303.783
 224.424  242.420  303.206
 223.962  242.829  301.835
 222.748  243.009  301.658
 224.808  242.974  300.930
 227.767  243.011  302.140
 228.712  244.087  301.893
 228.012  245.334  301.380
 228.436  246.453  301.683
 229.777  243.611  300.908
 229.315  243.523  299.475
 230.212  242.675  298.620
 231.206  242.126  299.088
 229.873  242.568  297.349
 226.928  245.162  300.625
 226.208  246.295  300.062
 225.589  247.176  301.133
 225.283  248.339  300.857
 225.120  245.799  299.113
 224.867  246.736  297.948
 225.835  247.294  297.390
 223.689  246.900  297.574
 225.392  246.654  302.344
 224.843  247.482  303.407
 225.814  248.586  303.797
 225.388  249.649  304.256
 224.438  246.612  304.603
 225.411  246.492  305.757
 224.814  245.732  306.906
 225.484  246.117  308.139
 226.558  245.526  308.650
 227.080  245.995  309.768
 227.115  244.473  308.069
 227.110  248.357  303.609
 228.149  249.323  303.917
 228.580  250.143  302.708
 229.527  250.926  302.817
 229.361  248.607  304.506
 229.106  247.524  305.548
 230.394  246.836  305.850
 228.497  248.093  306.803
 227.916  249.983  301.569
 228.246  250.710  300.368
 229.141  249.989  299.395
 229.567  250.599  298.410
 229.424  248.716  299.622
 230.448  248.001  298.876
 229.833  247.396  297.626
 228.821  246.690  297.696
 231.115  246.926  299.748
 231.837  247.564  300.932
 232.120  246.149  298.949
 232.133  246.644  302.045
 230.444  247.683  296.479
 230.061  247.102  295.199
 231.341  246.688  294.492
 232.227  247.520  294.271
 229.260  248.068  294.306
 228.056  248.669  295.035
 228.808  247.347  293.051
 227.472  249.869  294.351
 231.443  245.415  294.137
 232.608  244.919  293.420
 232.479  245.214  291.931
 231.489  244.843  291.295
 232.779  243.426  293.669
 233.529  243.109  294.923
 234.851  242.732  294.876
 232.914  243.194  296.152
 235.538  242.448  296.028
 233.604  242.905  297.300
 234.912  242.536  297.236
 233.495  245.872  291.382
 233.490  246.403  290.027
 234.492  245.638  289.176
 235.624  245.403  289.608
 233.849  247.886  290.028
 233.065  248.753  290.998
 231.574  248.780  290.733
 231.235  249.070  289.346
 230.046  249.471  288.915
 229.030  249.655  289.751
 229.880  249.696  287.623
 234.087  245.276  287.958
 234.922  244.413  287.133
 236.182  245.128  286.664
 237.286  244.583  286.775
 234.125  243.896  285.941
 236.041  246.344  286.137
 237.205  247.020  285.583
 237.915  247.843  286.655
 237.259  248.421  287.522
 236.808  247.931  284.435
 236.302  249.162  284.903
 239.249  247.942  286.630
 239.931  248.753  287.644
 239.715  250.239  287.490
 239.908  250.974  288.464
 241.405  248.393  287.440
 241.399  247.207  286.607
 240.238  247.302  285.752
 239.336  250.713  286.304
 239.141  252.141  286.105
 237.989  252.687  286.931
 237.963  253.887  287.213
 238.914  252.431  284.627
 240.025  251.908  283.742
 240.347  252.814  282.585
 241.673  252.533  282.042
 242.817  252.974  282.558
 243.952  252.650  281.972
 242.845  253.732  283.645
 237.047  251.836  287.323
 235.925  252.217  288.162
 236.143  251.885  289.631
 235.225  252.072  290.434
 234.658  251.530  287.667
 234.164  252.026  286.338
 233.462  250.960  285.543
 232.906  250.013  286.092
 233.486  251.110  284.233
 237.331  251.419  290.003
 237.584  250.835  291.308
 238.529  251.692  292.135
 239.323  252.474  291.611
 238.168  249.435  291.158
 237.208  248.547  290.619
 238.430  251.508  293.450
 239.246  252.206  294.429
 240.097  251.292  295.281
 241.089  251.757  295.844
 238.360  253.024  295.371
 237.665  254.137  294.673
 238.373  254.947  294.059
 236.423  254.196  294.720
 239.733  250.027  295.406
 240.410  249.082  296.274
 240.762  247.866  295.436
 240.091  247.556  294.448
 239.534  248.693  297.487
 238.907  249.920  298.159
 240.324  247.914  298.488
 239.860  250.854  298.811
 241.850  247.203  295.808
 242.216  245.910  295.245
 242.443  244.948  296.394
 243.380  245.117  297.178
 243.453  245.997  294.362
 243.712  244.728  293.588
 244.880  244.901  292.250
 246.368  245.001  293.211
 241.582  243.949  296.488
 241.667  242.920  297.508
 242.338  241.724  296.858
 241.731  241.027  296.040
 240.287  242.572  298.076
 239.645  243.819  298.689
 240.408  241.476  299.110
 238.249  243.684  299.107
 243.599  241.498  297.211
 244.368  240.389  296.673
 244.036  239.154  297.487
 244.654  238.888  298.521
 245.873  240.688  296.687
 246.636  239.528  296.120
 246.166  241.930  295.902
 243.064  238.393  297.010
 242.481  237.270  297.726
 242.838  235.998  296.974
 242.078  235.523  296.132
 240.991  237.432  297.844
 243.990  235.449  297.292
 244.485  234.247  296.657
 245.980  234.316  296.456
 246.595  235.379  296.490
 246.575  233.150  296.249
 248.004  233.076  296.023
 248.374  233.815  294.752
 247.632  233.824  293.769
 248.456  231.619  295.939
 249.875  231.534  296.082
 248.075  231.045  294.644
 249.538  234.430  294.785
 250.067  235.189  293.669
 251.173  234.370  293.033
 252.249  234.208  293.614
 250.574  236.544  294.134
 250.964  237.525  293.046
 249.784  237.859  292.188
 251.515  238.742  293.699
 250.905  233.867  291.844
 251.870  233.087  291.100
 252.757  233.997  290.269
 252.386  235.113  289.908
 251.171  232.074  290.200
 250.282  232.747  289.306
 250.399  231.094  291.021
 253.948  233.494  289.962
 254.896  234.258  289.171
 254.419  234.475  287.744
 254.938  235.360  287.057
 256.243  233.556  289.186
 256.809  233.445  290.562
 256.217  233.909  291.530
 257.959  232.831  290.666
 253.449  233.690  287.288
 252.797  233.875  286.005
 251.668  234.894  286.050
 251.153  235.265  284.992
 252.268  232.522  285.548
 251.936  232.391  284.105
 251.474  230.996  283.837
 251.262  230.736  282.395
 251.151  229.301  282.136
 251.283  235.355  287.242
 250.150  236.242  287.446
 250.537  237.607  287.990
 249.716  238.528  287.934
 249.152  235.584  288.409
 247.804  236.245  288.530
 246.868  236.320  287.006
 245.657  237.527  287.486
 251.754  237.771  288.492
 252.145  239.040  289.093
 252.159  240.214  288.123
 251.734  241.312  288.530
 253.511  238.876  289.754
 252.647  240.088  286.883
 252.519  241.213  285.947
 251.089  241.658  285.746
 250.823  242.861  285.648
 253.131  240.647  284.666
 254.069  239.649  285.131
 253.439  239.003  286.282
 250.154  240.712  285.701
 248.747  241.058  285.551
 248.262  241.828  286.768
 247.490  242.788  286.650
 247.905  239.792  285.320
 246.447  240.140  285.270
 248.298  239.088  284.051
 248.708  241.423  287.957
 248.308  242.120  289.170
 248.807  243.549  289.154
 248.064  244.480  289.484
 248.835  241.384  290.400
 248.357  241.857  291.779
 248.361  240.762  292.788
 249.203  242.963  292.329
 250.064  243.746  288.773
 250.605  245.093  288.744
 249.955  245.940  287.660
 249.763  247.143  287.857
 252.108  245.025  288.558
 252.839  246.329  288.674
 252.965  246.837  290.074
 253.046  248.289  290.092
 253.534  249.020  291.083
 254.010  248.468  292.182
 253.543  250.331  290.964
 249.604  245.346  286.521
 248.885  246.096  285.497
 247.516  246.532  285.997
 247.111  247.685  285.799
 248.746  245.257  284.233
 249.997  245.156  283.418
 249.779  244.419  282.119
 249.075  244.898  281.233
 250.380  243.244  281.996
 246.790  245.624  286.650
 245.490  245.968  287.214
 245.639  247.072  288.250
 244.830  248.003  288.306
 244.817  244.714  287.805
 243.630  245.077  288.646
 244.385  243.789  286.713
 246.680  246.994  289.073
 246.893  248.005  290.101
 247.207  249.359  289.489
 246.688  250.386  289.938
 248.020  247.564  291.024
 248.555  248.638  291.925
 247.886  249.004  293.071
 249.739  249.274  291.635
 248.373  249.976  293.889
 250.233  250.241  292.450
 249.547  250.593  293.575
 250.046  251.571  294.392
 248.060  249.382  288.468
 248.439  250.633  287.834
 247.303  251.233  287.025
 247.288  252.447  286.813
 249.654  250.415  286.942
 250.934  250.217  287.722
 251.077  250.811  288.809
 251.810  249.475  287.237
 246.349  250.422  286.582
 245.174  250.941  285.897
 244.155  251.567  286.839
 243.147  252.093  286.362
 244.501  249.830  285.095
 245.106  249.570  283.749
 244.373  248.500  282.989
 243.746  248.767  281.967
 244.440  247.276  283.485
 244.384  251.537  288.135
 243.407  252.047  289.087
 243.585  253.549  289.266
 244.717  254.006  289.446
 243.556  251.367  290.430
 243.054  249.953  290.466
 243.562  249.082  291.944
 242.397  249.801  293.072
 242.522  254.354  289.247
 242.703  255.783  289.498
 242.977  256.077  290.960
 242.416  255.450  291.860
 241.373  256.397  289.055
 240.662  255.357  288.359
 241.132  254.074  288.863
 243.849  257.048  291.181
 244.120  257.532  292.519
 242.911  258.311  293.032
 242.252  259.004  292.256
 245.357  258.422  292.498
 246.035  258.657  293.832
 246.817  257.452  294.328
 247.391  256.722  293.494
 246.870  257.241  295.557
 242.559  258.191  294.321
 243.039  257.372  295.434
 242.849  255.884  295.228
 241.827  255.453  294.701
 242.188  257.841  296.604
 241.595  259.078  296.204
 241.445  259.041  294.750
 243.840  255.111  295.649
 243.807  253.666  295.524
 244.463  253.040  296.740
 245.471  253.541  297.242
 244.502  253.193  294.255
 245.886  253.688  294.074
 246.413  253.302  292.733
 247.861  253.298  292.731
 248.615  253.249  291.643
 248.079  253.200  290.438
 249.927  253.258  291.771
 243.868  251.951  297.209
 244.380  251.176  298.321
 244.387  249.708  297.938
 243.734  249.292  296.981
 243.546  251.357  299.577
 243.437  252.742  300.095
 244.166  253.292  301.094
 242.513  253.747  299.676
 243.767  254.576  301.321
 242.750  254.881  300.461
 241.509  253.798  298.711
 242.032  256.051  300.308
 240.797  254.961  298.565
 241.060  256.069  299.357
 245.129  248.925  298.711
 245.273  247.493  298.498
 245.119  246.787  299.832
 245.748  247.174  300.821
 246.627  247.148  297.852
 246.727  245.679  297.566
 246.815  247.948  296.598
 244.283  245.754  299.855
 244.148  244.846  300.984
 244.736  243.511  300.561
 244.453  243.025  299.461
 242.684  244.684  301.429
 242.098  246.016  301.872
 242.581  243.711  302.580
 240.625  246.050  301.957
 245.557  242.929  301.424
 246.123  241.608  301.207
 245.328  240.622  302.045
 245.377  240.661  303.277
 247.601  241.585  301.560
 248.140  240.295  301.389
 244.602  239.746  301.374
 243.666  238.828  302.001
 244.238  237.426  301.922
 244.395  236.870  300.832
 242.305  238.915  301.323
 241.232  238.110  301.970
 239.675  238.183  301.113
 238.852  236.921  302.042
 244.551  236.867  303.075
 244.977  235.496  303.186
 246.475  235.369  303.341
 247.254  236.249  302.972
 246.874  234.234  303.897
 248.281  233.980  304.134
 249.052  233.892  302.831
 250.204  234.330  302.752
 248.432  232.699  304.934
 247.925  232.856  306.232
 248.433  233.326  301.799
 249.132  233.137  300.538
 249.525  234.467  299.917
 250.603  234.591  299.326
 248.271  232.338  299.571
 248.268  230.587  299.764
 248.667  235.475  300.044
 248.968  236.794  299.514
 249.784  237.639  300.470
 250.474  238.561  300.030
 247.680  237.521  299.183
 249.709  237.373  301.767
 250.464  238.173  302.715
 251.947  237.847  302.658
 252.780  238.748  302.514
 249.915  237.964  304.115
 248.558  238.557  304.292
 248.197  239.531  303.641
 247.793  237.979  305.177
 252.297  236.570  302.757
 253.683  236.155  302.799
 253.968  234.863  302.076
 254.937  234.171  302.393
 253.126  234.518  301.114
 253.266  233.310  300.349
 252.595  232.125  300.985
 252.091  231.250  300.281
 252.579  232.079  302.301
 251.742  231.132  302.970
 252.240  229.718  302.931
 253.424  229.389  303.024
 251.238  228.880  302.801
 251.388  227.452  302.642
 252.348  227.090  301.525
 253.102  226.117  301.629
 250.004  226.960  302.352
 249.778  225.537  302.333
 249.931  224.762  303.451
 249.315  224.973  301.200
 249.661  223.479  303.412
 249.029  223.722  301.158
 249.234  222.962  302.277
 248.966  221.666  302.290
 252.321  227.862  300.443
 253.162  227.657  299.277
 254.358  228.598  299.263
 254.807  229.017  298.194
 252.329  227.832  298.016
 251.081  226.998  297.972
 251.111  225.696  297.524
 249.872  227.516  298.361
 249.982  224.946  297.475
 248.743  226.774  298.304
 248.800  225.491  297.863
 247.664  224.739  297.821
 254.879  228.933  300.441
 255.985  229.874  300.546
 257.224  229.355  299.842
 257.969  230.130  299.237
 256.266  230.141  302.020
 257.438  231.030  302.287
 257.299  232.368  302.566
 258.761  230.763  302.387
 258.486  232.897  302.785
 259.390  231.943  302.690
 257.461  228.047  299.906
 258.679  227.442  299.394
 258.490  226.822  298.023
 259.233  225.910  297.653
 259.199  226.401  300.376
 259.560  226.961  301.692
 260.734  227.643  301.858
 258.724  226.825  302.764
 261.064  228.161  303.057
 259.058  227.350  303.963
 260.227  228.015  304.110
 257.526  227.301  297.255
 257.339  226.800  295.910
 258.163  227.594  294.909
 258.733  228.644  295.203
 255.875  226.825  295.513
 255.722  226.416  294.174
 258.203  227.058  293.704
 258.948  227.598  292.576
 258.123  228.545  291.724
 258.667  229.141  290.792
 259.475  226.462  291.690
 258.439  225.443  291.290
 258.254  224.306  292.042
 257.630  225.631  290.190
 257.311  223.389  291.716
 256.680  224.709  289.852
 256.523  223.588  290.619
 255.578  222.652  290.292
 256.833  228.696  292.024
 255.900  229.412  291.180
 255.137  230.504  291.907
 254.392  231.242  291.259
 254.894  228.432  290.574
 254.223  227.721  291.586
 255.310  230.641  293.215
 254.501  231.514  294.049
 255.335  232.718  294.448
 256.543  232.602  294.675
 253.983  230.751  295.281
 253.414  231.678  296.319
 252.957  229.757  294.850
 254.688  233.872  294.519
 255.310  235.088  295.013
 255.131  235.134  296.518
 254.026  234.927  297.029
 254.707  236.336  294.352
 255.462  237.562  294.777
 254.734  236.232  292.876
 256.212  235.426  297.230
 256.185  235.496  298.686
 255.619  236.834  299.151
 256.287  237.654  299.777
 257.574  235.256  299.244
 257.936  233.829  299.128
 259.371  233.507  299.303
 259.515  232.143  298.854
 259.790  231.765  297.615
 259.832  230.484  297.349
 260.048  232.624  296.655
 254.352  237.031  298.819
 253.627  238.220  299.183
 253.418  239.189  298.047
 254.342  239.485  297.287
 252.195  239.702  297.931
 251.920  240.830  297.058
 252.649  242.097  297.489
 252.686  243.057  296.714
 250.413  241.066  296.995
 249.637  241.642  298.497
 253.208  242.125  298.702
 254.141  243.173  299.099
 255.235  243.379  298.066
 255.629  244.515  297.784
 254.780  242.815  300.437
 253.855  243.016  301.599
 254.260  242.695  302.735
 252.723  243.497  301.391
 255.755  242.289  297.509
 256.838  242.391  296.543
 256.382  243.056  295.255
 257.168  243.760  294.616
 257.406  241.005  296.254
 257.992  240.317  297.444
 258.300  238.875  297.163
 259.500  238.431  297.870
 260.704  238.268  297.333
 260.940  238.498  296.056
 261.698  237.860  298.100
 255.127  242.859  294.869
 254.614  243.376  293.607
 253.927  244.721  293.794
 254.197  245.662  293.045
 253.667  242.344  292.960
 254.324  240.964  292.864
 253.230  242.807  291.603
 255.602  240.910  292.117
 253.044  244.833  294.784
 252.260  246.050  294.998
 252.367  246.476  296.455
 252.636  245.654  297.342
 250.779  245.862  294.602
 250.649  245.774  293.129
 250.164  244.665  295.268
 252.145  247.761  296.737
 252.118  248.211  298.126
 250.777  247.923  298.773
 249.722  248.062  298.152
 252.358  249.714  298.001
 251.748  250.045  296.752
 251.954  248.904  295.831
 250.830  247.532  300.039
 249.681  247.012  300.762
 249.391  247.923  301.938
 250.307  248.369  302.635
 249.920  245.568  301.233
 248.811  245.119  302.123
 250.029  244.653  300.053
 248.107  248.179  302.161
 247.642  249.067  303.211
 247.087  248.333  304.419
 247.239  248.821  305.539
 246.570  250.008  302.656
 247.136  251.060  301.730
 247.432  252.173  302.201
 247.283  250.780  300.525
 246.442  247.186  304.226
 245.907  246.381  305.319
 246.114  244.911  304.983
 245.815  244.478  303.868
 244.418  246.677  305.577
 243.836  245.678  306.521
 244.239  248.049  306.142
 246.627  244.150  305.949
 246.831  242.711  305.832
 245.798  241.978  306.672
 245.729  242.182  307.886
 248.228  242.309  306.285
 249.355  242.984  305.568
 249.966  242.387  304.487
 249.826  244.207  305.985
 250.997  242.995  303.840
 250.853  244.817  305.344
 251.436  244.209  304.272
 252.470  244.832  303.637
 245.021  241.115  306.031
 244.009  240.299  306.694
 244.563  238.883  306.820
 244.801  238.239  305.790
 242.687  240.292  305.919
 241.623  239.587  306.699
 242.244  241.679  305.613
 244.763  238.357  308.027
 245.329  237.019  308.163
 244.277  235.935  308.299
 243.170  236.153  308.789
 246.141  237.144  309.453
 245.382  238.060  310.231
 244.615  238.962  309.354
 244.662  234.747  307.881
 243.767  233.611  307.867
 244.053  232.722  306.682
 244.791  233.072  305.768
 243.453  231.549  306.719
 243.575  230.587  305.638
 242.412  229.603  305.651
 242.588  228.449  306.054
 244.895  229.847  305.751
 245.229  228.740  304.412
 241.209  230.009  305.219
 240.846  231.340  304.754
 240.566  232.301  305.891
 240.188  231.852  306.968
 239.573  231.092  303.952
 239.429  229.670  303.849
 240.076  229.103  305.041
 240.755  233.599  305.677
 240.231  234.560  306.639
 238.720  234.584  306.547
 238.158  234.721  305.459
 240.856  235.881  306.193
 241.088  235.715  304.813
 241.476  234.298  304.607
 238.070  234.408  307.689
 236.622  234.409  307.730
 236.068  235.709  307.165
 236.757  236.727  307.070
 236.122  234.210  309.156
 236.621  235.250  309.997
 236.568  232.900  309.686
 234.805  235.644  306.755
 234.112  236.825  306.261
 234.153  237.951  307.281
 234.333  239.123  306.924
 232.676  236.452  305.921
 232.624  235.657  304.759
 234.006  237.610  308.557
 234.135  238.597  309.617
 235.524  239.212  309.642
 235.670  240.403  309.930
 233.812  237.955  310.961
 232.377  237.555  311.114
 232.102  236.785  312.378
 233.065  236.421  313.082
 230.915  236.537  312.664
 236.553  238.432  309.319
 237.908  238.958  309.349
 238.150  239.929  308.202
 238.796  240.968  308.383
 238.901  237.809  309.307
 237.621  239.625  307.019
 237.733  240.569  305.920
 236.926  241.826  306.193
 237.342  242.921  305.803
 237.287  239.923  304.614
 237.377  240.781  303.354
 238.813  241.106  303.014
 236.695  240.070  302.239
 235.782  241.700  306.862
 235.029  242.891  307.223
 235.789  243.730  308.239
 235.763  244.964  308.177
 233.662  242.501  307.762
 232.689  242.090  306.695
 231.045  241.771  307.321
 230.393  243.426  307.304
 236.476  243.082  309.178
 237.320  243.811  310.114
 238.451  244.529  309.389
 238.814  245.654  309.747
 237.868  242.859  311.171
 238.675  243.532  312.250
 238.062  244.115  313.335
 240.049  243.577  312.184
 238.790  244.728  314.310
 240.783  244.187  313.159
 240.151  244.760  314.220
 240.888  245.370  315.194
 239.013  243.901  308.360
 240.036  244.570  307.573
 239.499  245.761  306.806
 240.163  246.797  306.698
 238.303  245.619  306.242
 237.640  246.733  305.577
 237.398  247.871  306.559
 237.566  249.046  306.220
 236.338  246.245  304.919
 235.466  247.393  304.515
 236.659  245.402  303.727
 237.032  247.545  307.797
 236.855  248.585  308.803
 238.179  249.241  309.163
 238.225  250.443  309.438
 236.198  248.020  310.060
 234.834  247.424  309.842
 233.985  247.904  308.872
 234.397  246.385  310.630
 232.756  247.353  308.687
 233.163  245.836  310.440
 232.345  246.322  309.472
 239.266  248.475  309.186
 240.558  249.075  309.498
 240.995  250.028  308.397
 241.530  251.110  308.673
 241.608  247.994  309.720
 241.434  247.232  310.995
 241.754  248.060  312.206
 242.801  248.699  312.277
 240.845  248.071  313.165
 240.762  249.655  307.144
 241.053  250.580  306.061
 240.130  251.785  306.101
 240.551  252.897  305.764
 240.949  249.875  304.719
 241.585  250.608  303.552
 243.074  250.508  303.579
 241.043  250.035  302.297
 238.879  251.587  306.517
 237.965  252.707  306.699
 238.487  253.670  307.750
 238.415  254.885  307.575
 236.583  252.200  307.089
 235.726  251.734  305.950
 234.349  251.343  306.403
 234.073  251.274  307.596
 233.471  251.090  305.456
 239.022  253.144  308.848
 239.615  253.990  309.876
 240.833  254.725  309.342
 241.045  255.904  309.653
 239.987  253.139  311.086
 240.592  253.885  312.242
 240.765  252.997  313.449
 239.509  252.805  314.171
 238.770  251.698  314.185
 239.109  250.610  313.516
 237.654  251.686  314.886
 241.643  254.045  308.533
 242.816  254.682  307.949
 242.416  255.858  307.072
 242.985  256.949  307.179
 243.618  253.663  307.148
 244.977  254.140  306.706
 245.575  253.200  305.698
 247.063  253.424  305.509
 247.383  253.846  304.134
 241.434  255.658  306.196
 240.995  256.755  305.345
 240.202  257.798  306.119
 240.150  258.954  305.699
 240.182  256.228  304.165
 238.951  255.478  304.493
 237.823  255.433  303.106
 238.614  254.173  302.128
 239.605  257.419  307.245
 238.892  258.365  308.087
 239.848  259.275  308.836
 239.492  260.412  309.156
 238.012  257.591  309.061
 237.136  258.429  309.918
 235.980  257.629  310.460
 236.391  256.528  311.328
 236.094  255.239  311.165
 236.526  254.364  312.048
 235.381  254.791  310.145
 241.054  258.792  309.126
 242.109  259.590  309.730
 243.092  260.138  308.700
 244.204  260.530  309.063
 242.847  258.761  310.777
 241.975  258.409  311.956
 241.039  259.132  312.289
 242.277  257.295  312.598
 242.700  260.187  307.430
 243.570  260.658  306.361
 243.381  262.154  306.167
 242.250  262.643  306.105
 243.284  259.909  305.060
 243.807  258.582  305.150
 243.919  260.585  303.884
 244.495  262.867  306.058
 244.510  264.319  305.963
 244.732  264.714  304.510
 245.793  264.446  303.941
 245.590  264.882  306.877
 245.158  264.928  308.303
 246.303  265.144  309.242
 245.821  265.120  310.669
 245.410  263.763  311.087
 243.723  265.348  303.917
 243.734  265.684  302.499
 243.999  267.175  302.368
 245.047  267.587  301.867
 242.412  265.289  301.810
 242.080  263.806  302.019
 242.486  265.558  300.329
 240.639  263.481  301.862
 243.070  267.993  302.855
 243.236  269.438  302.791
 244.079  269.959  303.941
 244.796  270.954  303.783
 241.873  270.120  302.797
 241.154  269.749  303.975
 241.078  269.730  301.585
 244.010  269.297  305.092
 244.831  269.688  306.227
 246.313  269.556  305.905
 247.123  270.401  306.305
 244.456  268.842  307.436
 243.026  269.043  307.898
 242.631  268.092  308.988
 242.156  266.821  308.464
 241.785  265.792  309.215
 241.812  265.862  310.536
 241.381  264.679  308.637
 246.684  268.522  305.151
 248.085  268.341  304.803
 248.543  269.394  303.806
 249.694  269.842  303.855
 248.312  266.939  304.246
 249.762  266.520  304.140
 250.674  266.496  305.687
 249.782  265.220  306.551
 247.664  269.795  302.889
 247.977  270.924  302.023
 248.190  272.187  302.840
 249.129  272.950  302.588
 246.863  271.135  301.007
 246.874  272.484  300.387
 247.630  272.890  299.335
 246.093  273.616  300.780
 247.375  274.205  299.049
 246.433  274.672  299.924
 245.145  273.838  301.778
 245.856  275.924  300.031
 244.579  275.078  301.880
 244.933  276.107  301.014
 247.328  272.422  303.828
 247.499  273.567  304.709
 248.789  273.479  305.508
 249.302  274.511  305.950
 246.295  273.679  305.641
 246.130  275.017  306.317
 245.947  276.175  305.584
 246.138  275.115  307.692
 245.797  277.387  306.202
 245.985  276.318  308.317
 245.815  277.454  307.570
 245.660  278.664  308.196
 249.321  272.274  305.706
 250.664  272.140  306.257
 251.729  272.400  305.202
 252.712  273.096  305.469
 250.859  270.754  306.843
 250.012  270.460  308.044
 250.269  269.063  308.532
 251.628  268.951  309.047
 251.981  269.068  310.321
 253.252  268.956  310.641
 251.097  269.296  311.276
 251.557  271.844  304.010
 252.489  272.064  302.916
 252.462  273.518  302.464
 253.429  274.255  302.647
 252.161  271.155  301.738
 252.423  269.688  301.969
 252.141  268.901  300.718
 252.619  267.486  300.829
 252.528  266.819  299.519
 203.731  274.995  269.804
 204.599  276.930  274.223
 205.266  274.962  269.199
 203.403  273.756  270.499
 203.557  276.287  270.813
 202.727  274.997  268.744
 203.575  276.058  272.193
 204.033  277.312  272.939
 206.254  275.495  270.030
 207.658  274.954  269.740
 207.639  273.625  268.978
 208.802  272.904  269.294
 209.095  272.132  267.190
 209.560  272.343  268.255
 211.018  271.978  268.514
 211.919  272.679  267.506
 213.284  272.000  267.469
 214.388  273.049  267.331
 215.705  272.407  266.900
 216.795  272.647  267.937
 208.341  274.788  270.950
 207.824  276.410  272.396
 208.614  275.985  271.624
 209.912  276.755  271.396
 210.892  275.991  270.508
 212.308  276.494  270.777
 213.302  275.726  269.921
 249.870  265.520  294.315
 249.627  262.226  296.829
 248.227  265.511  294.469
 250.298  265.226  292.898
 250.495  264.386  295.343
 250.383  266.876  294.735
 250.791  263.101  294.875
 250.842  262.118  296.045
 247.876  265.210  295.783
 246.448  265.518  296.229
 246.482  265.298  297.737
 247.113  266.424  298.281
 246.903  267.744  300.039
 246.379  267.325  299.064
 244.966  267.809  298.698
 245.052  269.198  298.084
 243.698  269.907  298.102
 243.723  271.225  298.884
 242.641  272.179  298.379
 241.955  272.913  299.534
 240.869  273.884  299.049
 239.768  273.162  298.259
 238.360  273.662  298.590
 237.328  272.799  297.849
 235.902  273.085  298.334
 234.865  272.283  297.539
 233.450  272.641  298.013
 232.399  272.314  296.946
 231.034  272.845  297.391
 229.908  272.200  296.581
 228.551  272.679  297.108
 246.093  266.854  296.011
 244.055  266.498  295.083
 245.054  267.138  295.113
 245.241  268.321  294.170
 244.185  268.330  293.070
 244.637  269.274  291.962
 243.727  269.107  290.756
 244.237  269.934  289.583
 244.703  268.994  288.479
 245.432  269.755  287.380
 244.459  270.470  286.445
 245.127  271.683  285.790
 246.417  271.294  285.053
 247.690  271.604  285.850
 248.580  270.365  285.940
 249.849  270.690  286.727
 250.402  269.414  287.358
 251.878  269.592  287.709
 252.736  269.377  286.465
 254.211  269.460  286.840
 246.126  230.785  300.386
 243.784  232.010  301.098
 243.756  229.481  300.106
 244.760  229.940  302.593
 242.606  230.238  301.920
 245.675  228.621  300.966
 245.735  231.991  302.294
 244.404  231.352  298.998
 226.472  243.629  292.549
 226.892  242.496  291.637
 225.751  241.500  291.457
 224.917  241.364  292.721
 225.683  241.835  293.953
 224.757  241.780  295.152
 225.343  244.263  291.981
 228.015  241.851  292.179
 226.297  240.255  291.126
 224.592  240.015  292.898
 226.129  243.153  293.810
 225.369  241.064  296.175
 224.632  248.242  291.346
 225.415  247.515  290.226
 225.276  246.017  290.412
 225.379  245.692  291.856
 224.193  246.271  292.595
 224.559  246.691  294.017
 224.026  249.315  290.777
 224.873  247.876  289.011
 226.313  245.363  289.712
 223.644  247.377  291.909
 224.509  245.573  294.850
 223.136  249.995  291.618
 223.273  251.493  291.351
 224.563  251.994  292.025
 225.066  253.254  291.303
 225.658  254.243  292.317
 226.126  255.503  291.553
 225.347  256.717  292.055
 225.692  257.900  291.169
 225.347  259.232  291.848
 224.278  259.988  291.079
 222.929  259.306  291.210
 222.532  258.545  289.949
 207.628  246.568  255.219
 206.436  260.698  257.869
 225.770  242.446  299.170
 228.935  233.370  309.937
 226.825  242.422  307.397
 251.090  234.427  297.132
 228.339  252.145  297.112
 254.255  250.529  293.577
 228.779  238.430  295.095
 221.686  245.880  296.377
 234.265  234.330  312.062
 232.100  234.210  314.112
 236.320  254.344  298.130
 255.740  225.573  302.193
 226.986  243.705  296.455
 225.180  234.473  303.749
 224.124  228.935  311.225
